2916533452585291
3124624539263124
5532519030244788
8846252393835532
9955606799234515
1566523192514995
4572350064323568
7684405057996658
8091436770239042
3302336794467905
5214141330965532
7323556222904323
8532344103790323
8842342137772555
4955325525853241
5166432435783495
5474003951663243
5783244295516643
8293442366023234
6602323444352323
4435232399660232
2345661225623423
1245632342234566
2562342323456122
1024234740284678
2916533452585291
3124624539263124
5532519030244788
8846252393835532
9955606799234515
1566523192514995
4572350064323568
7684405057996658
8091436770239042
3302336794467905
5214141330965532
7323556222904323
8532344103790323
8842342137772555
4955325525853241
5166432435783495
5474003951663243
5783244295516643
8293442366023234
6602323444352323
4435232399660232
2345661225623423
1245632342234566
2562342323456122
1024234740284678